Latitude:	51°45'23" North, 
Longitude:	1°15'8" West

Results for: 	July

Inclination of plane:	 35	 deg.
Orientation (azimuth) of plane:	 0	 deg.
Time		G		Gd		Gc		DNI		DNIc		A		Ad		Ac
04:22		29		28		20		0		0		58		25		100
04:37		43		42		30		0		0		98		45		171
04:52		56		56		39		0		0		142		66		253
05:07		70		69		48		0		0		183		83		327
05:22		83		82		57		0		0		222		99		398
05:37		96		92		63		136		329		258		114		463
05:52		119		105		96		154		374		292		129		522
06:07		144		118		134		171		414		323		142		576
06:22		170		131		176		186		451		352		155		624
06:37		197		144		221		200		486		378		167		668
06:52		224		155		269		213		517		402		178		708
07:07		252		166		318		225		545		424		188		743
07:22		280		177		369		236		571		445		197		775
07:37		307		187		420		246		595		463		205		803
07:52		334		195		471		255		617		479		213		828
08:07		360		204		521		263		636		494		220		850
08:22		385		211		570		270		654		507		226		869
08:37		409		218		618		277		671		518		231		886
08:52		431		223		664		283		685		528		235		900
09:07		452		229		707		288		698		537		239		913
09:22		472		233		748		293		710		545		242		924
09:37		490		237		786		298		721		551		245		933
09:52		507		240		821		301		730		557		247		941
10:07		521		243		853		305		738		562		249		947
10:22		534		245		881		308		745		565		251		953
10:37		546		247		905		310		751		569		252		957
10:52		555		249		926		312		756		571		253		961
11:07		563		250		942		314		760		573		253		963
11:22		568		251		955		315		763		574		254		965
11:37		572		251		963		316		765		575		254		967
11:52		574		252		967		316		766		576		254		967
12:07		574		252		967		316		766		576		254		967
12:22		572		251		963		316		765		575		254		967
12:37		568		251		955		315		763		574		254		965
12:52		563		250		942		314		760		573		253		963
13:07		555		249		926		312		756		571		253		961
13:22		546		247		905		310		751		569		252		957
13:37		534		245		881		308		745		565		251		953
13:52		521		243		853		305		738		562		249		947
14:07		507		240		821		301		730		557		247		941
14:22		490		237		786		298		721		551		245		933
14:37		472		233		748		293		710		545		242		924
14:52		452		229		707		288		698		537		239		913
15:07		431		223		664		283		685		528		235		900
15:22		409		218		618		277		671		518		231		886
15:37		385		211		570		270		654		507		226		869
15:52		360		204		521		263		636		494		220		850
16:07		334		195		471		255		617		479		213		828
16:22		307		187		420		246		595		463		205		803
16:37		280		177		369		236		571		445		197		775
16:52		252		166		318		225		545		424		188		743
17:07		224		155		269		213		517		402		178		708
17:22		197		144		221		200		486		378		167		668
17:37		170		131		176		186		451		352		155		624
17:52		144		118		134		171		414		323		142		576
18:07		119		105		96		154		374		292		129		522
18:22		96		92		63		136		329		258		114		463
18:37		83		82		57		0		0		222		99		398
18:52		70		69		48		0		0		183		83		327
19:07		56		56		39		0		0		142		66		253
19:22		43		42		30		0		0		98		45		171
19:37		29		28		20		0		0		58		25		100
19:52		15		15		10		0		0		8		6		5

G: Global irradiance on a fixed plane  (W/m2)
Gd: Diffuse irradiance on a fixed plane  (W/m2)
Gc: Global clear-sky irradiance on a fixed plane  (W/m2)
DNI: Direct normal irradiance   (W/m2)
DNIc: Clear-sky direct normal irradiance  (W/m2)
A: Global irradiance on 2-axis tracking plane  (W/m2)
Ad: Diffuse irradiance on 2-axis tracking plane  (W/m2)
Ac: Global clear-sky irradiance on 2-axis tracking plane  (W/m2)

PVGIS (c) European Communities, 2001-2012